P2: 431.3873911369959 0 427.4407802012019 0 0	430.2496176152663 238.52694867508183 0 0 0 1 0
P3: 430.76320371973185019 0.010354901695384920714 427.97266545981231504 -21.521322505281072823 -0.38803954789072164571 430.32899066801968263 238.38030852390096522 0.04512254909464574504 -0.0015908620209974611 0.0000035648010762411133 0.9999987345718545 0.00016306266977439372
R0_rect: 1 0 0 0 1 0 0 0 1
Tr_velo_to_cam: -0.70992163 0.70414167 -0.01399269 -0.02188053 -0.02460003 -0.00493623 0.99968519 0.03159148 0.70385092 0.71004236 0.02082624 -0.10397643
Tr_imu_to_velo: 0.7078211418044573 0.0228745548262721 0.706021235739786 0.0485116543090573 -0.7062573877371585 0.0034265890727529 0.7079468750516788 0.081893301277153 0.0137747201102294 -0.9997324704380846 0.0185807284695532 -0.0345803452047476
